0 123 changjiang UID
1 54         1222632.26
1 65         1202087.08
1 105         1215304.88
1 3         1142409.37
1 72         1194624.66
1 76          1128078.2
1 91         1200274.17
1 89          1066524.6
1 40         1127375.29
1 35         1065409.19
1 58         1090363.45
1 61         1074742.24
1 67         1056347.39
1 26         1076652.67
1 81         1172628.94
1 19         809552.688
1 8         271063.678
1 5         605651.997
1 6          514150.97
1 9             656237
1 4         636449.877
1 39         689429.115
1 75         945350.041
1 20         869481.442
1 63         825661.086
1 51         792926.221
1 7         688009.447
1 2         513211.865
1 11         522696.955
1 98         1150310.68
2 82         1087696.14
2 87         1009818.39
2 93         1082455.95
2 72         929425.392
2 80         982200.253
2 63         1042453.52
2 89         1077503.18
2 8         647191.743
2 76         911272.029
2 45         961252.903
2 81          981325.54
2 54         892322.406
2 35         756018.841
2 65         908167.716
2 29         1074802.49
2 5         141600.375
2 20         619275.752
2 61         833314.425
2 6         200626.267
2 67         884032.567
2 9          318167.21
2 40         774117.145
2 43         869868.539
2 7         235923.386
2 1         513211.865
2 11         401587.725
2 39         815470.331
2 19         745969.636
2 58         813581.246
2 69         987186.205
3 115         2038200.58
3 91         1951510.24
3 81         2032733.34
3 5         1738854.41
3 113         1882001.59
3 109         1971659.25
3 76         2024964.03
3 89         1709192.81
3 6         1626006.67
3 20         1855788.41
3 105         1856944.44
3 7         1812328.28
3 118         1965376.43
3 116         1836756.96
3 61         2007139.98
3 19         1651731.72
3 8         1087388.45
3 11            1547199
3 4         625839.832
3 9         1743131.01
3 75         1065375.66
3 98         1709827.26
3 63         1276190.99
3 117         1790270.35
3 1         1142409.37
3 51          869471.36
3 2          1655526.5
3 26         539846.957
3 39         1381377.56
3 67         1924737.13
4 58         1427548.28
4 91         1337319.84
4 118         1417280.21
4 5         1176874.39
4 113         1303426.52
4 109         1368289.44
4 81          1408678.2
4 89         1105864.58
4 6         1049071.44
4 67          1299641.1
4 105         1259012.31
4 117         1254209.14
4 7         1238289.59
4 116          1281148.8
4 76         1399360.49
4 19         1026071.38
4 8         491343.117
4 3         625839.832
4 11         940853.876
4 9         1148633.86
4 75         565409.578
4 98          1124149.7
4 63         686034.772
4 20         1234680.05
4 1         636449.877
4 51         339657.019
4 2         1119927.68
4 26         442346.974
4 39         758949.948
4 61         1381458.52
5 89         992517.107
5 87         878542.922
5 91         984962.682
5 72         794825.356
5 81         856957.698
5 45         819665.379
5 93         952923.587
5 8         689331.449
5 76         784018.254
5 80         849017.867
5 69         846934.512
5 54         751848.776
5 35         618373.648
5 39         773109.487
5 82         946394.443
5 20         494736.062
5 61         703668.427
5 6         144345.916
5 67         765436.248
5 9         196340.888
5 40          632956.25
5 2         141600.375
5 43         728294.849
5 7         95447.1593
5 1         605651.997
5 11          344462.61
5 65         770531.754
5 19         658448.581
5 58         679093.517
5 29         939282.789
6 82         949591.251
6 45         836550.812
6 93         902428.283
6 72         760871.648
6 87         833311.313
6 63         869753.726
6 91         898646.394
6 8         558284.225
6 76         729164.204
6 80          809761.74
6 81         795012.451
6 54         748123.884
6 35         599661.429
6 65         749114.365
6 89         877488.767
6 5         144345.916
6 20         437708.612
6 61         655741.447
6 67         692761.604
6 9         153861.736
6 40         639056.228
6 2         200626.267
6 43         747647.781
6 7          189218.22
6 1          514150.97
6 11         207638.139
6 39         633542.681
6 19         545426.073
6 58         646336.485
6 69         839971.938
7 90         920698.521
7 87         802299.587
7 50         902069.684
7 8         747432.645
7 81         788776.834
7 45         726041.004
7 93         878439.407
7 72         714701.229
7 76         713054.173
7 80         770527.379
7 69         757903.192
7 54         662495.872
7 1         688009.447
7 39          777194.69
7 82         854737.214
7 5         95447.1593
7 20         430523.119
7 61         630419.816
7 6          189218.22
7 67         704201.822
7 9         155689.788
7 40         542050.325
7 2         235923.386
7 43         634570.226
7 11         354228.496
7 35         534584.308
7 65         686152.352
7 19          628794.57
7 58         599695.125
7 29         844556.335
8 113         1088889.08
8 91         1012427.51
8 3         1087388.45
8 61         959785.397
8 105         996909.091
8 109         1080563.95
8 72         1082684.06
8 89         842137.266
8 20          782558.58
8 9         659525.145
8 98         911651.768
8 40         1070504.61
8 35         987984.959
8 58         992705.529
8 81         1025116.32
8 19         638604.751
8 5         689331.449
8 6         558284.225
8 4         491343.117
8 2         647191.743
8 75         681282.051
8 67         908744.778
8 63          558058.53
8 7         747432.645
8 51         551258.524
8 1         271063.678
8 26         899889.749
8 11         460019.036
8 39         452818.646
8 76         996229.133
9 90         818646.258
9 87         692239.338
9 89         806045.214
9 8         659525.145
9 45         683136.307
9 69         686996.458
9 82         795850.458
9 72         614512.247
9 76          593136.02
9 80         665778.382
9 81         663881.594
9 43         594683.848
9 1             656237
9 39         629049.926
9 91         788668.358
9 5         196340.888
9 20         301424.541
9 61         515365.642
9 6         153861.736
9 67         569748.955
9 40          485239.39
9 2          318167.21
9 54         594657.459
9 7         155689.788
9 11         220736.626
9 35         447992.372
9 65         598681.733
9 19         473592.152
9 58         499006.587
9 93          764368.33
10 49         546701.823
10 24         358880.911
10 62         517476.946
10 38         340065.613
10 32         342068.989
10 48         422557.576
10 59         494373.179
10 33         276557.657
10 37         321415.604
10 42         325572.906
10 18         293551.443
10 31           399569.4
10 55         409148.268
10 36         420052.472
10 52          490493.15
10 21         198528.768
10 12         146614.687
10 23         230404.222
10 30         286203.709
10 13          144322.03
10 22         226287.373
10 28         292392.035
10 16         129666.094
10 15         188537.358
10 27         309366.214
10 46         381736.443
10 25         236583.492
10 17         234335.745
10 14         98676.9897
10 34         372223.199
11 105         800626.018
11 93         784063.704
11 98         794510.426
11 54         704361.257
11 65         679645.086
11 63         669122.818
11 69         786189.564
11 89         680043.114
11 40         617948.505
11 81         664826.926
11 72         672494.419
11 61         553802.871
11 76         612298.031
11 87         725066.199
11 43         737141.947
11 19         355281.474
11 8         460019.036
11 5          344462.61
11 6         207638.139
11 35         546203.213
11 9         220736.626
11 58         567710.128
11 2         401587.725
11 20         347003.103
11 39          428726.07
11 1         522696.955
11 67         552123.864
11 80         711131.184
11 7         354228.496
11 91         732674.859
12 47         490038.904
12 38         389143.344
12 44         468064.354
12 37         356872.688
12 42         308220.107
12 48         421042.027
12 49         447909.919
12 33          311453.43
12 23         303379.302
12 32          281120.78
12 24         228456.572
12 27         399042.659
12 55         375142.928
12 10         146614.687
12 59         447170.299
12 21         251395.076
12 13         256764.237
12 30         292309.544
12 22         137143.634
12 16         170934.722
12 28         188772.664
12 18          157921.59
12 31         305700.879
12 15         60752.1983
12 46         355594.264
12 25          204825.88
12 14         109824.648
12 17         99179.1475
12 34         435517.123
12 52         419912.224
13 74         539177.192
13 24         415163.823
13 52         462764.921
13 12         256764.237
13 18         364684.676
13 31         406388.531
13 62         444055.085
13 38         219078.284
13 37         213911.635
13 32         323271.508
13 28         326585.487
13 48         335225.088
13 55          353409.04
13 17         313663.214
13 59         442669.212
13 21         107045.236
13 33         177754.024
13 23         104905.445
13 30         213598.534
13 42         267063.388
13 22         264568.987
13 16         111662.718
13 27         166668.267
13 15         271707.842
13 46         322120.891
13 25         218192.735
13 10          144322.03
13 36         278495.072
13 14         152919.813
13 34         239340.047
14 49         448880.326
14 38         286367.678
14 62         428494.554
14 37         258245.569
14 24         274927.925
14 48         341670.722
14 59          399571.95
14 33         211916.527
14 30         205702.958
14 32         243946.454
14 18         216868.924
14 31         301857.672
14 55         316653.134
14 36         390935.058
14 52         392266.717
14 21         144390.705
14 12         109824.648
14 23         194182.274
14 13         152919.813
14 42         236627.762
14 22         131897.564
14 28         198615.895
14 16         62334.7483
14 15         119107.364
14 27         289245.875
14 46           291079.6
14 25         140821.389
14 17         162428.075
14 10         98676.9897
14 34         329461.625
15 47         432470.295
15 38         368320.095
15 34         418872.256
15 37         332061.651
15 42         266382.866
15 27         395366.376
15 44         415307.186
15 33         288935.224
15 23         297144.418
15 32         226981.559
15 24         172522.537
15 48          380502.59
15 55         325784.744
15 59         393196.362
15 49         387158.177
15 21           241232.4
15 12         60752.1983
15 13         271707.842
15 30         259869.448
15 22         82605.6174
15 16         169213.781
15 28         128325.965
15 18         105070.359
15 31         245315.733
15 46         309082.326
15 25         165401.274
15 10         188537.358
15 17         45905.6918
15 14         119107.364
15 52         361648.331
16 49         445931.884
16 24         303571.876
16 62          388350.24
16 38         225237.023
16 18         255098.271
16 31         301999.276
16 52         374308.931
16 12         170934.722
16 37         199386.721
16 32         227791.246
16 28         215401.165
16 48         293190.573
16 55         282259.491
16 36           328846.4
16 59         369338.254
16 21         82207.6647
16 33         153152.349
16 23         132448.167
16 30         156615.929
16 42         197109.931
16 22         152913.411
16 13         111662.718
16 27         228851.453
16 15         169213.781
16 46         253757.216
16 25         118741.644
16 17         207444.006
16 10         129666.094
16 14         62334.7483
16 34         267241.631
17 66         416496.022
17 38         391940.026
17 56         407388.766
17 37         353377.509
17 42         273959.363
17 48         387274.176
17 47         390885.168
17 33         312698.586
17 23         330440.976
17 32         218736.068
17 24         129313.966
17 44         370503.503
17 55         322841.909
17 59         382228.019
17 49         355192.059
17 21         273573.863
17 12         99179.1475
17 13         313663.214
17 30         276681.619
17 22          85673.206
17 16         207444.006
17 28         105332.721
17 18         59720.3477
17 31         219104.288
17 15         45905.6918
17 46         310207.287
17 25         179715.244
17 14         162428.075
17 10         234335.745
17 52         342042.382
18 70         401188.754
18 37         377215.617
18 48          391848.13
18 23         369805.275
18 42         282837.507
18 56         353863.912
18 66          366854.35
18 33         340487.322
18 13         364684.676
18 16         255098.271
18 28         89834.2352
18 49         309307.394
18 47         333428.648
18 46         309493.368
18 59         363720.505
18 21           312766.2
18 12          157921.59
18 55         316417.899
18 30         296951.988
18 22         110741.533
18 32         209909.771
18 24         71626.9278
18 31         184663.295
18 15         105070.359
18 25         202106.274
18 44         310806.556
18 14         216868.924
18 17         59720.3477
18 10         293551.443
18 52         312863.083
19 8         638604.751
19 90          611352.08
19 69         635729.272
19 54         586982.444
19 97         530113.504
19 109         487113.725
19 7          628794.57
19 40         561779.145
19 63         498315.463
19 35         453752.467
19 65         519784.611
19 105         445511.171
19 72         477846.435
19 6         545426.073
19 113         579863.296
19 76         373302.821
19 67         275605.671
19 80         489539.482
19 87         482986.643
19 81         389430.667
19 39         284405.433
19 93         516028.819
19 9         473592.152
19 91         391847.717
19 58         419308.608
19 98         456096.608
19 20         291689.484
19 89         334080.438
19 11         355281.474
19 61         361920.484
20 109         626020.307
20 90         526716.729
20 2         619275.752
20 45         485737.494
20 5         494736.062
20 82         560766.166
20 89         578121.821
20 6         437708.612
20 65          332648.37
20 11         347003.103
20 80         374263.109
20 69         440293.801
20 81         362547.618
20 91         502207.563
20 39         552894.804
20 7         430523.119
20 61         218366.102
20 9         301424.541
20 76          292374.42
20 40         296476.875
20 67         273773.588
20 54         362742.201
20 58          221053.65
20 87         395812.313
20 43         415920.519
20 72         329632.122
20 35         205488.049
20 19         291689.484
20 93         464976.949
20 97         542090.911
21 74         432653.602
21 24         349137.104
21 52         358237.082
21 12         251395.076
21 18           312766.2
21 31         314029.674
21 62         338944.233
21 38         144114.215
21 37         122925.738
21 32         224302.577
21 28         253752.166
21 15           241232.4
21 55         246390.399
21 17         273573.863
21 59         335639.537
21 33         78952.4149
21 23         57107.6002
21 30         106599.346
21 42         160260.686
21 22         202770.797
21 13         107045.236
21 16         82207.6647
21 27         155278.196
21 48         233212.518
21 46         215076.608
21 25         129014.153
21 10         198528.768
21 36         248592.277
21 14         144390.705
21 34         185071.448
22 44         389123.702
22 38         309694.793
22 34         363752.363
22 37         269977.995
22 42         188800.578
22 27         356682.046
22 62         359730.407
22 33         231203.833
22 13         264568.987
22 16         152913.411
22 24         150768.758
22 48         302572.293
22 55         243504.175
22 59         310986.155
22 49         322507.774
22 21         202770.797
22 12         137143.634
22 23         259636.405
22 30         191803.679
22 32         144691.842
22 28         66721.4801
22 18         110741.533
22 31         175980.007
22 15         82605.6174
22 46         227941.427
22 25         94876.6927
22 14         131897.564
22 17          85673.206
22 10         226287.373
22 52         283421.634
23 74         447427.904
23 24          404832.25
23 52         391403.268
23 12         303379.302
23 18         369805.275
23 15         297144.418
23 31         361108.414
23 38         114484.589
23 30         133563.853
23 32         267644.159
23 28         308849.249
23 48          236617.23
23 55         270615.407
23 62         348771.162
23 59         358156.172
23 21         57107.6002
23 33         82845.6565
23 37         111032.099
23 42         189735.678
23 22         259636.405
23 13         104905.445
23 16         132448.167
23 27          98405.244
23 14         194182.274
23 46         238964.011
23 25         181680.133
23 17         330440.976
23 36         196963.737
23 34         141874.549
23 10         230404.222
24 48         384023.198
24 41         367335.089
24 64         366901.251
24 33         362224.547
24 66         298660.345
24 10         358880.911
24 53         354357.565
24 16         303571.876
24 21         349137.104
24 12         228456.572
24 49         244942.937
24 70         335724.167
24 30         311587.024
24 55         298225.275
24 59         329177.087
24 32         196289.231
24 15         172522.537
24 17         129313.966
24 28         96729.4303
24 22         150768.758
24 18         71626.9278
24 31         139647.458
24 25         225680.228
24 56         283137.047
24 47          261935.47
24 44         243953.373
24 14         274927.925
24 52         267214.962
24 42         284806.747
24 46         298535.968
25 36         346480.995
25 24         225680.228
25 49         328941.102
25 38         215928.407
25 13         218192.735
25 27         273799.143
25 62         290934.808
25 12          204825.88
25 23         181680.133
25 32         109055.553
25 18         202106.274
25 48         216529.691
25 55         176839.983
25 59         258752.046
25 34         270893.521
25 21         129014.153
25 33         138731.168
25 37         175481.398
25 30         97004.1945
25 42         103415.824
25 22         94876.6927
25 28         128956.959
25 16         118741.644
25 31         188368.838
25 15         165401.274
25 46         153333.264
25 10         236583.492
25 17         179715.244
25 14         140821.389
25 52         256244.785
26 76         1667508.39
26 7          1639287.9
26 81         1657672.74
26 5         1587536.48
26 91         1538622.43
26 20         1560807.68
26 120         1607944.95
26 2         1544811.94
26 63         851102.144
26 113         1413383.68
26 6         1451927.15
26 109         1534749.98
26 118         1468609.78
26 116         1348270.91
26 115         1574861.27
26 3         539846.957
26 4         442346.974
26 75         580293.345
26 39            1023308
26 89         1280423.77
26 105         1414083.61
26 98         1254667.01
26 9         1531774.17
26 117         1289335.92
26 19         1307710.95
26 1         1076652.67
26 51          446307.15
26 11         1313682.27
26 8         899889.749
26 67         1562215.81
27 24         499185.513
27 18         467228.708
27 74         477728.327
27 12         399042.659
27 28         402584.736
27 31          442514.45
27 52         451904.429
27 21         155278.196
27 30         204673.545
27 22         356682.046
27 14         289245.875
27 15         395366.376
27 55         323625.299
27 62         375395.956
27 17         428811.025
27 38         113326.969
27 33         146691.178
27 37          142645.24
27 23          98405.244
27 42         256158.845
27 32         346181.519
27 13         166668.267
27 16         228851.453
27 48         262265.334
27 46         293869.815
27 25         273799.143
27 10         309366.214
27 36         112100.645
27 34         94129.1155
27 59         403949.842
28 62         338694.069
28 13         326585.487
28 66         326155.316
28 23         308849.249
28 16         215401.165
28 48         302624.215
28 56         325444.119
28 33         265888.998
28 37         298109.378
28 42         195717.662
28 24         96729.4303
28 59         278771.086
28 55          226846.81
28 49         260347.752
28 44         325245.294
28 21         253752.166
28 12         188772.664
28 10         292392.035
28 30         216676.949
28 22         66721.4801
28 32         120349.942
28 18         89834.2352
28 31         116989.921
28 15         128325.965
28 46         219732.722
28 25         128956.959
28 14         198615.895
28 17         105332.721
28 52         236813.798
28 47         323221.376
29 35         539886.451
29 101         534526.707
29 96         535136.092
29 66         470152.007
29 49           500270.7
29 79         460659.044
29 70         516212.937
29 69         420782.577
29 82         360718.491
29 85         421523.403
29 84         452587.896
29 43         321290.852
29 40         434530.036
29 73         472635.202
29 65         509680.956
29 45         288748.986
29 47          354711.49
29 60         263412.489
29 44         287181.582
29 64         335845.224
29 53         254331.429
29 78         363367.271
29 41         150925.902
29 50         94743.2161
29 57         199033.139
29 54         421282.218
29 68         337676.405
29 83         337851.894
29 56         419495.852
29 24         490813.078
30 74         326388.392
30 24         311587.024
30 12         292309.544
30 17         276681.619
30 18         296951.988
30 10         286203.709
30 36         258239.162
30 15         259869.448
30 28         216676.949
30 22         191803.679
30 31         238265.093
30 48         136775.572
30 13         213598.534
30 62         234754.956
30 52         257853.689
30 16         156615.929
30 32         141637.452
30 33         58009.3964
30 21         106599.346
30 23         133563.853
30 37         81469.1244
30 34         180368.824
30 27         204673.545
30 25         97004.1945
30 46          108707.33
30 55         140227.455
30 42         56223.7798
30 14         205702.958
30 38          123884.96
30 59         229331.573
31 37         312901.231
31 16         301999.276
31 73         311742.849
31 33         295973.472
31 56             224772
31 71         281295.508
31 12         305700.879
31 62         263953.458
31 47         240849.678
31 22         175980.007
31 18         184663.295
31 48         267656.781
31 30         238265.093
31 14         301857.672
31 74         285819.674
31 32         96808.1533
31 15         245315.733
31 17         219104.288
31 28         116989.921
31 24         139647.458
31 49         147136.076
31 52         128979.826
31 25         188368.838
31 66         216003.502
31 59         190360.142
31 46         183875.174
31 55         173848.057
31 70         236258.144
31 42         192712.395
31 44         271691.677
32 34         314962.503
32 12          281120.78
32 56          312247.71
32 74         274905.088
32 38         258895.021
32 16         227791.246
32 70         301889.516
32 49         223608.383
32 33         199510.317
32 37         216462.142
32 14         243946.454
32 15         226981.559
32 21         224302.577
32 22         144691.842
32 66         293987.012
32 62         219344.986
32 59         166294.344
32 28         120349.942
32 24         196289.231
32 42         97007.7982
32 52          148433.39
32 31         96808.1533
32 48         187735.537
32 30         141637.452
32 17         218736.068
32 46         102379.418
32 55         106518.055
32 25         109055.553
32 18         209909.771
32 23         267644.159
33 74         365089.001
33 24         362224.547
33 52         311979.509
33 17         312698.586
33 18         340487.322
33 10         276557.657
33 12          311453.43
33 15         288935.224
33 28         265888.998
33 22         231203.833
33 31         295973.472
33 48         157471.077
33 55         188519.302
33 62         267479.079
33 59         275479.452
33 16         153152.349
33 32         199510.317
33 21         78952.4149
33 23         82845.6565
33 37         46351.4748
33 34         132553.717
33 27         146691.178
33 25         138731.168
33 30         58009.3964
33 46         157018.357
33 13         177754.024
33 42         111483.379
33 14         211916.527
33 38         79457.2749
33 36         207782.112
34 18         472908.306
34 17         444695.124
34 12         435517.123
34 15         418872.256
34 31         410851.572
34 10         372223.199
34 77         421121.347
34 59         336080.487
34 28         396318.635
34 22         363752.363
34 27         94129.1155
34 25         270893.521
34 55         265816.203
34 14         329461.625
34 74          397604.33
34 16         267241.631
34 32         314962.503
34 33         132553.717
34 21         185071.448
34 23         141874.549
34 37         99451.8939
34 36         78504.5405
34 30         180368.824
34 48          187616.04
34 46         240102.291
34 13         239340.047
34 62         295594.718
34 38         56623.7018
34 42         218173.534
34 52         395089.142
35 5         618373.648
35 6         599661.429
35 85         595405.495
35 91         507835.658
35 7         534584.308
35 11         546203.213
35 50         543067.463
35 82          359556.41
35 97         470465.282
35 19         453752.467
35 9         447992.372
35 87         282923.814
35 81         310685.872
35 90         388722.815
35 29         539886.451
35 69         242792.758
35 61         151546.711
35 76          230028.39
35 65         152190.414
35 54         158281.947
35 67         289417.727
35 58         82855.1815
35 80         244348.804
35 40         110475.768
35 45         281367.967
35 72         185125.334
35 43         219261.384
35 93         362615.526
35 20         205488.049
35 60         494754.623
36 92         538310.034
36 17         516746.689
36 12         499567.238
36 15         488222.403
36 31         489194.695
36 10         420052.472
36 77         472033.895
36 59         405241.124
36 28         473260.035
36 22         437813.275
36 27         112100.645
36 25         346480.995
36 55          340390.37
36 14         390935.058
36 52          468673.17
36 16           328846.4
36 32         393432.833
36 33         207782.112
36 21         248592.277
36 23         196963.737
36 37         177810.328
36 34         78504.5405
36 30         258239.162
36 48         255998.602
36 46         316166.779
36 13         278495.072
36 62         356383.557
36 38         134982.632
36 42         296581.515
36 74         456183.481
37 77         378274.683
37 18         377215.617
37 12         356872.688
37 17         353377.509
37 31         312901.231
37 10         321415.604
37 74         342347.543
37 15         332061.651
37 28         298109.378
37 22         269977.995
37 36         177810.328
37 25         175481.398
37 13         213911.635
37 14         258245.569
37 52         309753.675
37 16         199386.721
37 32         216462.142
37 33         46351.4748
37 21         122925.738
37 23         111032.099
37 34         99451.8939
37 27          142645.24
37 30         81469.1244
37 48         127705.376
37 46         151663.201
37 55         181035.329
37 62         241511.676
37 42         120482.927
37 38          42838.431
37 59         262136.824
38 18         418020.475
38 17         391940.026
38 77         394872.841
38 15         368320.095
38 31         355108.989
38 10         340065.613
38 12         389143.344
38 59         292610.632
38 28         340206.589
38 22         309694.793
38 36         134982.632
38 25         215928.407
38 13         219078.284
38 14         286367.678
38 74         364441.555
38 16         225237.023
38 32         258895.021
38 33         79457.2749
38 21         144114.215
38 23         114484.589
38 37          42838.431
38 34         56623.7018
38 27         113326.969
38 30          123884.96
38 48         148959.534
38 46         188737.172
38 55         216394.097
38 62         262158.334
38 42         162428.421
38 52         345949.279
39 80         765969.006
39 97         761139.556
39 72         759484.875
39 117         704082.813
39 1         689429.115
39 4         758949.948
39 115         754071.282
39 81         651807.285
39 61         645840.822
39 116         676507.111
39 91         585884.206
39 76         650005.602
39 35         733911.389
39 58         703522.381
39 87         753829.324
39 20         552894.804
39 75         538848.754
39 6         633542.681
39 9         629049.926
39 63         245934.444
39 11          428726.07
39 8         452818.646
39 51         577682.647
39 105         546107.031
39 98         461725.668
39 19         284405.433
39 109         637136.864
39 67         546748.008
39 89           390098.2
39 113         636646.132
40 91         602400.985
40 7         542050.325
40 41         576587.377
40 50         446083.248
40 97         539360.602
40 60          423471.35
40 19         561779.145
40 82          313731.37
40 29         434530.036
40 90         423469.778
40 9          485239.39
40 93         422788.516
40 81         397415.162
40 85          546583.33
40 83         551997.133
40 69         218743.131
40 61         252634.551
40 76         321106.647
40 65         181954.267
40 54         123873.781
40 67          393986.24
40 58         177566.235
40 80         300906.081
40 87          344921.67
40 35         110475.768
40 72         242446.427
40 43          120414.62
40 20         296476.875
40 45         200569.236
40 57         531887.142
41 101          466058.79
41 52         464419.558
41 43         459030.406
41 71         442467.679
41 85         416601.449
41 96         426675.772
41 28         456375.882
41 79         341239.655
41 84         371677.163
41 24         367335.089
41 49         349382.013
41 60         297330.798
41 31         411561.784
41 57         151008.562
41 82         439768.946
41 73         332599.341
41 68         221735.472
41 64         198856.102
41 70         368011.452
41 53         114185.257
41 66         320639.795
41 47          203869.96
41 83         311033.306
41 78         293802.018
41 45         409235.917
41 29         150925.902
41 50         142341.042
41 44         140157.449
41 56          269648.07
41 18          426962.32
42 12         308220.107
42 36         296581.515
42 49          303055.87
42 74         277284.225
42 24         284806.747
42 17         273959.363
42 18         282837.507
42 34         218173.534
42 28         195717.662
42 13         267063.388
42 14         236627.762
42 15         266382.866
42 21         160260.686
42 23         189735.678
42 27         256158.845
42 32         97007.7982
42 62         192220.757
42 59         176073.102
42 33         111483.379
42 37         120482.927
42 25         103415.824
42 31         192712.395
42 16         197109.931
42 48         114143.388
42 46          56878.757
42 30         56223.7798
42 55         86957.5286
42 22         188800.578
42 38         162428.421
42 52         201669.612
43 94         576846.427
43 81         453670.703
43 68         571164.642
43 85         449436.568
43 83         441470.815
43 57          411819.68
43 97         566326.798
43 87         376223.913
43 93         445576.077
43 60         311861.428
43 20         415920.519
43 61         336944.391
43 76         387714.958
43 67         476833.899
43 53         535501.592
43 45          91513.911
43 65          212644.13
43 58         263820.511
43 82          230769.63
43 72          283014.03
43 40          120414.62
43 29         321290.852
43 50         326226.086
43 69          178732.72
43 54          119726.66
43 80         331407.144
43 90         417655.043
43 41         459030.406
43 35         219261.384
43 78         523252.188
44 15         415307.186
44 60         410560.763
44 59         410992.641
44 17         370503.503
44 32         368167.468
44 22         389123.702
44 96         399803.506
44 52         328974.881
44 78         333814.182
44 29         287181.582
44 71         337864.699
44 18         310806.556
44 28         325245.294
44 83         386210.646
44 84         387393.993
44 49         219527.269
44 68         217694.592
44 64         156656.851
44 24         243953.373
44 50         278723.199
44 73         253933.634
44 47         89284.0254
44 53         113749.765
44 41         140157.449
44 70         259500.262
44 56         158802.421
44 57         247418.561
44 31         271691.677
44 66         208145.279
44 79         306064.827
45 84         517947.262
45 94         486106.567
45 67         502281.477
45 81          457706.65
45 20         485737.494
45 76         403483.814
45 68         494563.601
45 87         365201.012
45 85         358030.133
45 83         352366.283
45 29         288748.986
45 61         370245.452
45 90         376368.175
45 53          471837.76
45 78         437183.364
45 65         221397.897
45 58         304498.483
45 82         146839.447
45 72         287640.508
45 60         223240.944
45 40         200569.236
45 50         268734.639
45 69         139014.557
45 54         137268.001
45 80         323337.241
45 43          91513.911
45 35         281367.967
45 41         409235.917
45 57         338873.546
45 93         424020.121
46 13         322120.891
46 36         316166.779
46 17         310207.287
46 15         309082.326
46 14           291079.6
46 49         269476.316
46 18         309493.368
46 28         219732.722
46 24         298535.968
46 77         271245.815
46 21         215076.608
46 16         253757.216
46 23         238964.011
46 30          108707.33
46 27         293869.815
46 32         102379.418
46 62         137721.916
46 22         227941.427
46 31         183875.174
46 34         240102.291
46 52           158101.5
46 38         188737.172
46 74         220405.857
46 33         157018.357
46 37         151663.201
46 59         120625.156
46 48         85722.1168
46 42          56878.757
46 55         31703.7502
46 25         153333.264
47 55         382268.311
47 99         375582.314
47 83         374134.717
47 18         333428.648
47 28         323221.376
47 86         343248.864
47 29          354711.49
47 52         264829.833
47 88         329494.249
47 78         303027.946
47 71         249486.097
47 96         328085.869
47 32         335794.609
47 84         338078.513
47 59         345343.468
47 49         146729.374
47 68           175621.5
47 64         105182.525
47 24          261935.47
47 79         234920.867
47 73         167638.594
47 53         120512.396
47 44         89284.0254
47 41          203869.96
47 70         171501.157
47 56         70247.2004
47 31         240849.678
47 57         264061.494
47 66         120855.275
47 50         325932.307
48 70         376772.063
48 71         361217.994
48 14         341670.722
48 13         335225.088
48 86          355458.79
48 49         334784.325
48 22         302572.293
48 92         321669.069
48 31         267656.781
48 77         250671.006
48 21         233212.518
48 16         293190.573
48 23          236617.23
48 30         136775.572
48 27         262265.334
48 32         187735.537
48 28         302624.215
48 36         255998.602
48 62         114118.192
48 46         85722.1168
48 34          187616.04
48 38         148959.534
48 52         215857.952
48 74         215878.615
48 33         157471.077
48 37         127705.376
48 59          149298.59
48 42         114143.388
48 55         95651.3733
48 25         216529.691
49 25         328941.102
49 99         322418.081
49 92         325372.316
49 86         238247.806
49 77         298152.748
49 62         276642.089
49 22         322507.774
49 47         146729.374
49 44         219527.269
49 46         269476.316
49 68         277593.462
49 88         269776.651
49 28         260347.752
49 42          303055.87
49 18         309307.394
49 56         96253.4157
49 52         119860.071
49 64          216374.97
49 53         263556.042
49 59          198959.99
49 70         92162.6311
49 73         164919.221
49 74         242516.055
49 55         244402.305
49 31         147136.076
49 24         244942.937
49 71          154217.45
49 32         223608.383
49 66         70498.4619
49 79         272197.305
50 65         486411.976
50 94         451799.496
50 103         475649.762
50 40         446083.248
50 101         441802.996
50 96         453844.988
50 49         471980.642
50 69         384302.499
50 82         302018.285
50 85         329220.451
50 84         363173.472
50 43         326226.086
50 66         430402.939
50 73         415416.881
50 70         471536.487
50 45         268734.639
50 47         325932.307
50 60         178215.263
50 44         278723.199
50 64          280826.14
50 29         94743.2161
50 53         209901.876
50 78         272925.575
50 41         142341.042
50 57         112367.509
50 79         386645.712
50 68         266407.059
50 83         243113.567
50 56         382350.775
50 54         405993.103
51 7         1242653.24
51 5         1203833.84
51 61         1222753.67
51 2            1186089
51 91          1102548.6
51 20         1120958.64
51 76         1221389.32
51 67         1116217.85
51 26          446307.15
51 113         1012530.33
51 6         1061813.67
51 9         1120622.03
51 118         1103406.54
51 116         971377.945
51 81         1213015.35
51 3          869471.36
51 4         339657.019
51 63         414778.524
51 75         225864.843
51 39         577682.647
51 89         849813.032
51 105         992315.265
51 98         841338.284
51 109         1109846.12
51 117         933207.089
51 19         862016.808
51 1         792926.221
51 11         899901.408
51 8         551258.524
51 115         1169154.39
52 64         334455.156
52 92         269848.307
52 44         328974.881
52 86          224693.67
52 24         267214.962
52 33         311979.509
52 18         312863.083
52 48         215857.952
52 62         161976.084
52 73           257209.9
52 70         168538.402
52 28         236813.798
52 37         309753.675
52 88         300631.612
52 22         283421.634
52 49         119860.071
52 46           158101.5
52 55         129591.183
52 77         221117.346
52 74         158630.735
