0 123 changjiang UID
1 61         1074742.24
1 89          1066524.6
1 63         825661.086
1 35         1065409.19
1 75         945350.041
1 51         792926.221
1 39         689429.115
1 19         809552.688
1 67         1056347.39
1 4         636449.877
1 9             656237
1 5         605651.997
1 11         522696.955
1 7         688009.447
1 6          514150.97
1 8         271063.678
1 2         513211.865
1 20         869481.442
2 65         908167.716
2 67         884032.567
2 54         892322.406
2 43         869868.539
2 40         774117.145
2 35         756018.841
2 58         813581.246
2 8         647191.743
2 61         833314.425
2 9          318167.21
2 1         513211.865
2 19         745969.636
2 11         401587.725
2 7         235923.386
2 5         141600.375
2 20         619275.752
2 6         200626.267
2 39         815470.331
3 7         1812328.28
3 117         1790270.35
3 2          1655526.5
3 9         1743131.01
3 6         1626006.67
3 63         1276190.99
3 11            1547199
3 89         1709192.81
3 5         1738854.41
3 4         625839.832
3 75         1065375.66
3 1         1142409.37
3 51          869471.36
3 26         539846.957
3 39         1381377.56
3 19         1651731.72
3 8         1087388.45
3 98         1709827.26
4 7         1238289.59
4 20         1234680.05
4 6         1049071.44
4 5         1176874.39
4 9         1148633.86
4 63         686034.772
4 11         940853.876
4 89         1105864.58
4 98          1124149.7
4 75         565409.578
4 1         636449.877
4 51         339657.019
4 26         442346.974
4 39         758949.948
4 19         1026071.38
4 8         491343.117
4 3         625839.832
4 2         1119927.68
5 39         773109.487
5 67         765436.248
5 65         770531.754
5 43         728294.849
5 40          632956.25
5 54         751848.776
5 58         679093.517
5 8         689331.449
5 61         703668.427
5 9         196340.888
5 2         141600.375
5 1         605651.997
5 35         618373.648
5 11          344462.61
5 7         95447.1593
5 20         494736.062
5 6         144345.916
5 19         658448.581
6 54         748123.884
6 43         747647.781
6 58         646336.485
6 76         729164.204
6 40         639056.228
6 39         633542.681
6 19         545426.073
6 8         558284.225
6 67         692761.604
6 9         153861.736
6 2         200626.267
6 1          514150.97
6 35         599661.429
6 11         207638.139
6 7          189218.22
6 5         144345.916
6 20         437708.612
6 61         655741.447
7 72         714701.229
7 76         713054.173
7 1         688009.447
7 67         704201.822
7 40         542050.325
7 54         662495.872
7 65         686152.352
7 20         430523.119
7 43         634570.226
7 9         155689.788
7 2         235923.386
7 35         534584.308
7 11         354228.496
7 58         599695.125
7 5         95447.1593
7 6          189218.22
7 19          628794.57
7 61         630419.816
8 98         911651.768
8 67         908744.778
8 26         899889.749
8 89         842137.266
8 75         681282.051
8 63          558058.53
8 7         747432.645
8 19         638604.751
8 20          782558.58
8 4         491343.117
8 9         659525.145
8 1         271063.678
8 51         551258.524
8 11         460019.036
8 39         452818.646
8 6         558284.225
8 2         647191.743
8 5         689331.449
9 39         629049.926
9 72         614512.247
9 65         598681.733
9 43         594683.848
9 40          485239.39
9 54         594657.459
9 67         569748.955
9 20         301424.541
9 76          593136.02
9 2          318167.21
9 7         155689.788
9 35         447992.372
9 11         220736.626
9 58         499006.587
9 5         196340.888
9 6         153861.736
9 19         473592.152
9 61         515365.642
10 38         340065.613
10 42         325572.906
10 27         309366.214
10 37         321415.604
10 18         293551.443
10 25         236583.492
10 17         234335.745
10 33         276557.657
10 28         292392.035
10 22         226287.373
10 16         129666.094
10 15         188537.358
10 13          144322.03
10 14         98676.9897
10 21         198528.768
10 12         146614.687
10 23         230404.222
10 30         286203.709
11 63         669122.818
11 81         664826.926
11 58         567710.128
11 40         617948.505
11 35         546203.213
11 67         552123.864
11 39          428726.07
11 8         460019.036
11 76         612298.031
11 9         220736.626
11 2         401587.725
11 6         207638.139
11 1         522696.955
11 7         354228.496
11 19         355281.474
11 20         347003.103
11 5          344462.61
11 61         553802.871
12 33          311453.43
12 42         308220.107
12 23         303379.302
12 31         305700.879
12 16         170934.722
12 30         292309.544
12 10         146614.687
12 21         251395.076
12 32          281120.78
12 22         137143.634
12 18          157921.59
12 15         60752.1983
12 25          204825.88
12 17         99179.1475
12 14         109824.648
12 24         228456.572
12 28         188772.664
12 13         256764.237
13 17         313663.214
13 42         267063.388
13 36         278495.072
13 22         264568.987
13 10          144322.03
13 15         271707.842
13 34         239340.047
13 38         219078.284
13 12         256764.237
13 16         111662.718
13 27         166668.267
13 25         218192.735
13 14         152919.813
13 30         213598.534
13 21         107045.236
13 33         177754.024
13 23         104905.445
13 37         213911.635
14 24         274927.925
14 37         258245.569
14 30         205702.958
14 32         243946.454
14 18         216868.924
14 13         152919.813
14 17         162428.075
14 33         211916.527
14 42         236627.762
14 22         131897.564
14 16         62334.7483
14 15         119107.364
14 25         140821.389
14 10         98676.9897
14 21         144390.705
14 12         109824.648
14 23         194182.274
14 28         198615.895
15 23         297144.418
15 33         288935.224
15 42         266382.866
15 13         271707.842
15 16         169213.781
15 30         259869.448
15 10         188537.358
15 21           241232.4
15 31         245315.733
15 22         82605.6174
15 18         105070.359
15 25         165401.274
15 17         45905.6918
15 14         119107.364
15 28         128325.965
15 12         60752.1983
15 24         172522.537
15 32         226981.559
16 27         228851.453
16 32         227791.246
16 17         207444.006
16 38         225237.023
16 22         152913.411
16 15         169213.781
16 42         197109.931
16 12         170934.722
16 28         215401.165
16 13         111662.718
16 30         156615.929
16 25         118741.644
16 10         129666.094
16 14         62334.7483
16 21         82207.6647
16 33         153152.349
16 23         132448.167
16 37         199386.721
17 13         313663.214
17 33         312698.586
17 30         276681.619
17 46         310207.287
17 16         207444.006
17 42         273959.363
17 10         234335.745
17 32         218736.068
17 21         273573.863
17 22          85673.206
17 18         59720.3477
17 15         45905.6918
17 25         179715.244
17 14         162428.075
17 24         129313.966
17 12         99179.1475
17 28         105332.721
17 31         219104.288
18 21           312766.2
18 44         310806.556
18 30         296951.988
18 46         309493.368
18 16         255098.271
18 42         282837.507
18 10         293551.443
18 31         184663.295
18 49         309307.394
18 22         110741.533
18 15         105070.359
18 25         202106.274
18 17         59720.3477
18 14         216868.924
18 24         71626.9278
18 12          157921.59
18 28         89834.2352
18 32         209909.771
19 80         489539.482
19 109         487113.725
19 87         482986.643
19 9         473592.152
19 35         453752.467
19 72         477846.435
19 61         361920.484
19 81         389430.667
19 98         456096.608
19 91         391847.717
19 39         284405.433
19 58         419308.608
19 20         291689.484
19 89         334080.438
19 76         373302.821
19 67         275605.671
19 105         445511.171
19 11         355281.474
20 6         437708.612
20 7         430523.119
20 87         395812.313
20 43         415920.519
20 80         374263.109
20 81         362547.618
20 76          292374.42
20 40         296476.875
20 54         362742.201
20 67         273773.588
20 58          221053.65
20 72         329632.122
20 65          332648.37
20 35         205488.049
20 19         291689.484
20 61         218366.102
20 9         301424.541
20 11         347003.103
21 15           241232.4
21 48         233212.518
21 10         198528.768
21 32         224302.577
21 37         122925.738
21 42         160260.686
21 34         185071.448
21 38         144114.215
21 46         215076.608
21 13         107045.236
21 16         82207.6647
21 27         155278.196
21 25         129014.153
21 14         144390.705
21 30         106599.346
21 33         78952.4149
21 23         57107.6002
21 22         202770.797
22 55         243504.175
22 33         231203.833
22 10         226287.373
22 46         227941.427
22 16         152913.411
22 30         191803.679
22 42         188800.578
22 24         150768.758
22 21         202770.797
22 18         110741.533
22 15         82605.6174
22 25         94876.6927
22 17          85673.206
22 14         131897.564
22 32         144691.842
22 12         137143.634
22 28         66721.4801
22 31         175980.007
23 32         267644.159
23 22         259636.405
23 36         196963.737
23 46         238964.011
23 30         133563.853
23 25         181680.133
23 14         194182.274
23 38         114484.589
23 48          236617.23
23 13         104905.445
23 16         132448.167
23 27          98405.244
23 42         189735.678
23 34         141874.549
23 21         57107.6002
23 33         82845.6565
23 37         111032.099
23 10         230404.222
24 46         298535.968
24 55         298225.275
24 42         284806.747
24 56         283137.047
24 31         139647.458
24 44         243953.373
24 14         274927.925
24 32         196289.231
24 52         267214.962
24 28         96729.4303
24 22         150768.758
24 25         225680.228
24 47          261935.47
24 12         228456.572
24 17         129313.966
24 15         172522.537
24 18         71626.9278
24 49         244942.937
25 12          204825.88
25 18         202106.274
25 17         179715.244
25 31         188368.838
25 46         153333.264
25 15         165401.274
25 14         140821.389
25 33         138731.168
25 23         181680.133
25 22         94876.6927
25 16         118741.644
25 42         103415.824
25 30         97004.1945
25 32         109055.553
25 21         129014.153
25 28         128956.959
25 37         175481.398
25 55         176839.983
26 118         1468609.78
26 6         1451927.15
26 11         1313682.27
26 105         1414083.61
26 98         1254667.01
26 19         1307710.95
26 117         1289335.92
26 63         851102.144
26 113         1413383.68
26 39            1023308
26 51          446307.15
26 1         1076652.67
26 89         1280423.77
26 8         899889.749
26 3         539846.957
26 4         442346.974
26 75         580293.345
26 116         1348270.91
27 32         346181.519
27 55         323625.299
27 14         289245.875
27 10         309366.214
27 16         228851.453
27 25         273799.143
27 42         256158.845
27 21         155278.196
27 46         293869.815
27 13         166668.267
27 30         204673.545
27 23          98405.244
27 36         112100.645
27 34         94129.1155
27 38         113326.969
27 33         146691.178
27 37          142645.24
27 48         262265.334
28 49         260347.752
28 21         253752.166
28 30         216676.949
28 52         236813.798
28 16         215401.165
28 42         195717.662
28 14         198615.895
28 12         188772.664
28 55          226846.81
28 22         66721.4801
28 18         89834.2352
28 15         128325.965
28 25         128956.959
28 17         105332.721
28 32         120349.942
28 24         96729.4303
28 31         116989.921
28 46         219732.722
29 85         421523.403
29 54         421282.218
29 56         419495.852
29 69         420782.577
29 64         335845.224
29 57         199033.139
29 83         337851.894
29 47          354711.49
29 78         363367.271
29 53         254331.429
29 41         150925.902
29 50         94743.2161
29 68         337676.405
29 43         321290.852
29 45         288748.986
29 44         287181.582
29 60         263412.489
29 82         360718.491
30 28         216676.949
30 27         204673.545
30 13         213598.534
30 22         191803.679
30 34         180368.824
30 23         133563.853
30 14         205702.958
30 16         156615.929
30 55         140227.455
30 37         81469.1244
30 25         97004.1945
30 21         106599.346
30 38          123884.96
30 42         56223.7798
30 46          108707.33
30 32         141637.452
30 33         58009.3964
30 48         136775.572
31 47         240849.678
31 30         238265.093
31 70         236258.144
31 56             224772
31 46         183875.174
31 18         184663.295
31 66         216003.502
31 49         147136.076
31 17         219104.288
31 24         139647.458
31 22         175980.007
31 52         128979.826
31 25         188368.838
31 42         192712.395
31 32         96808.1533
31 28         116989.921
31 55         173848.057
31 59         190360.142
32 49         223608.383
32 37         216462.142
32 62         219344.986
32 18         209909.771
32 24         196289.231
32 48         187735.537
32 17         218736.068
32 33         199510.317
32 59         166294.344
32 25         109055.553
32 31         96808.1533
32 30         141637.452
32 46         102379.418
32 55         106518.055
32 42         97007.7982
32 28         120349.942
32 22         144691.842
32 52          148433.39
33 22         231203.833
33 36         207782.112
33 14         211916.527
33 32         199510.317
33 34         132553.717
33 13         177754.024
33 25         138731.168
33 46         157018.357
33 55         188519.302
33 37         46351.4748
33 21         78952.4149
33 30         58009.3964
33 23         82845.6565
33 38         79457.2749
33 42         111483.379
33 16         153152.349
33 27         146691.178
33 48         157471.077
34 14         329461.625
34 32         314962.503
34 46         240102.291
34 62         295594.718
34 21         185071.448
34 13         239340.047
34 42         218173.534
34 16         267241.631
34 25         270893.521
34 37         99451.8939
34 30         180368.824
34 23         141874.549
34 38         56623.7018
34 48          187616.04
34 33         132553.717
34 36         78504.5405
34 27         94129.1155
34 55         265816.203
35 90         388722.815
35 93         362615.526
35 81         310685.872
35 82          359556.41
35 67         289417.727
35 87         282923.814
35 45         281367.967
35 65         152190.414
35 69         242792.758
35 58         82855.1815
35 80         244348.804
35 72         185125.334
35 43         219261.384
35 20         205488.049
35 40         110475.768
35 61         151546.711
35 54         158281.947
35 76          230028.39
36 32         393432.833
36 62         356383.557
36 14         390935.058
36 25         346480.995
36 21         248592.277
36 13         278495.072
36 42         296581.515
36 16           328846.4
36 55          340390.37
36 37         177810.328
36 34         78504.5405
36 30         258239.162
36 23         196963.737
36 38         134982.632
36 48         255998.602
36 33         207782.112
36 27         112100.645
36 46         316166.779
37 14         258245.569
37 62         241511.676
37 13         213911.635
37 32         216462.142
37 23         111032.099
37 25         175481.398
37 27          142645.24
37 36         177810.328
37 16         199386.721
37 34         99451.8939
37 30         81469.1244
37 21         122925.738
37 38          42838.431
37 42         120482.927
37 48         127705.376
37 46         151663.201
37 33         46351.4748
37 55         181035.329
38 14         286367.678
38 62         262158.334
38 13         219078.284
38 32         258895.021
38 21         144114.215
38 25         215928.407
38 42         162428.421
38 46         188737.172
38 16         225237.023
38 37          42838.431
38 34         56623.7018
38 30          123884.96
38 23         114484.589
38 48         148959.534
38 27         113326.969
38 36         134982.632
38 33         79457.2749
38 55         216394.097
39 76         650005.602
39 61         645840.822
39 109         637136.864
39 113         636646.132
39 9         629049.926
39 105         546107.031
39 6         633542.681
39 75         538848.754
39 20         552894.804
39 91         585884.206
39 19         284405.433
39 98         461725.668
39 51         577682.647
39 89           390098.2
39 11          428726.07
39 63         245934.444
39 8         452818.646
39 67         546748.008
40 90         423469.778
40 93         422788.516
40 81         397415.162
40 67          393986.24
40 80         300906.081
40 87          344921.67
40 20         296476.875
40 82          313731.37
40 76         321106.647
40 58         177566.235
40 35         110475.768
40 72         242446.427
40 43          120414.62
40 45         200569.236
40 69         218743.131
40 61         252634.551
40 54         123873.781
40 65         181954.267
41 70         368011.452
41 24         367335.089
41 60         297330.798
41 49         349382.013
41 66         320639.795
41 47          203869.96
41 57         151008.562
41 73         332599.341
41 79         341239.655
41 53         114185.257
41 83         311033.306
41 29         150925.902
41 50         142341.042
41 44         140157.449
41 56          269648.07
41 68         221735.472
41 64         198856.102
41 78         293802.018
42 52         201669.612
42 16         197109.931
42 62         192220.757
42 28         195717.662
42 31         192712.395
42 48         114143.388
42 38         162428.421
42 21         160260.686
42 23         189735.678
42 37         120482.927
42 25         103415.824
42 30         56223.7798
42 46          56878.757
42 55         86957.5286
42 32         97007.7982
42 33         111483.379
42 59         176073.102
42 22         188800.578
43 20         415920.519
43 57          411819.68
43 76         387714.958
43 87         376223.913
43 60         311861.428
43 61         336944.391
43 80         331407.144
43 58         263820.511
43 50         326226.086
43 72          283014.03
43 40          120414.62
43 82          230769.63
43 54          119726.66
43 35         219261.384
43 69          178732.72
43 45          91513.911
43 65          212644.13
43 29         321290.852
44 28         325245.294
44 18         310806.556
44 70         259500.262
44 79         306064.827
44 31         271691.677
44 56         158802.421
44 57         247418.561
44 24         243953.373
44 29         287181.582
44 73         253933.634
44 53         113749.765
44 41         140157.449
44 64         156656.851
44 66         208145.279
44 49         219527.269
44 68         217694.592
44 47         89284.0254
44 50         278723.199
45 61         370245.452
45 87         365201.012
45 80         323337.241
45 85         358030.133
45 72         287640.508
45 29         288748.986
45 35         281367.967
45 83         352366.283
45 57         338873.546
45 82         146839.447
45 40         200569.236
45 43          91513.911
45 54         137268.001
45 50         268734.639
45 69         139014.557
45 65         221397.897
45 60         223240.944
45 58         304498.483
46 23         238964.011
46 22         227941.427
46 74         220405.857
46 28         219732.722
46 38         188737.172
46 33         157018.357
46 59         120625.156
46 62         137721.916
46 21         215076.608
46 31         183875.174
46 52           158101.5
46 55         31703.7502
46 37         151663.201
46 30          108707.33
46 42          56878.757
46 32         102379.418
46 48         85722.1168
46 25         153333.264
47 28         323221.376
47 78         303027.946
47 57         264061.494
47 52         264829.833
47 71         249486.097
47 41          203869.96
47 66         120855.275
47 31         240849.678
47 24          261935.47
47 73         167638.594
47 53         120512.396
47 56         70247.2004
47 70         171501.157
47 44         89284.0254
47 64         105182.525
47 49         146729.374
47 68           175621.5
47 79         234920.867
48 36         255998.602
48 77         250671.006
48 74         215878.615
48 23          236617.23
48 52         215857.952
48 33         157471.077
48 59          149298.59
48 32         187735.537
48 21         233212.518
48 34          187616.04
48 38         148959.534
48 55         95651.3733
48 37         127705.376
48 30         136775.572
48 42         114143.388
48 46         85722.1168
48 62         114118.192
48 25         216529.691
49 53         263556.042
49 28         260347.752
49 74         242516.055
49 24         244942.937
49 32         223608.383
49 86         238247.806
49 71          154217.45
49 47         146729.374
49 55         244402.305
49 73         164919.221
49 70         92162.6311
49 64          216374.97
49 44         219527.269
49 31         147136.076
49 66         70498.4619
49 56         96253.4157
49 52         119860.071
49 59          198959.99
50 69         384302.499
50 84         363173.472
50 56         382350.775
50 85         329220.451
50 64          280826.14
50 41         142341.042
50 43         326226.086
50 47         325932.307
50 82         302018.285
50 29         94743.2161
50 53         209901.876
50 57         112367.509
50 68         266407.059
50 83         243113.567
50 45         268734.639
50 44         278723.199
50 60         178215.263
50 78         272925.575
51 91          1102548.6
51 6         1061813.67
51 11         899901.408
51 113         1012530.33
51 117         933207.089
51 19         862016.808
51 89         849813.032
51 3          869471.36
51 105         992315.265
51 39         577682.647
51 75         225864.843
51 1         792926.221
51 98         841338.284
51 8         551258.524
51 26          446307.15
51 4         339657.019
51 63         414778.524
51 116         971377.945
52 25         256244.785
52 28         236813.798
52 77         221117.346
52 86          224693.67
52 70         168538.402
52 62         161976.084
52 42         201669.612
52 46           158101.5
52 48         215857.952
52 74         158630.735
52 32          148433.39
52 59          82020.278
52 71         180387.172
52 66         178776.503
52 49         119860.071
52 55         129591.183
52 31         128979.826
52 56         215220.732
53 60         308380.862
53 84         284042.692
53 70         263793.583
53 83          272839.03
53 29         254331.429
53 50         209901.876
53 66         220794.156
53 49         263556.042
53 79         230630.855
53 73         219631.129
53 41         114185.257
53 56         172457.107
53 57         144718.858
53 44         113749.765
53 47         120512.396
53 68         118429.136
53 64         84675.6848
53 78         222287.005
54 20         362742.201
54 60         337951.337
54 81         335127.158
54 93         327975.854
54 80         211912.174
54 87          256871.22
54 35         158281.947
54 61         233227.116
54 90         310347.285
54 58         167711.868
54 40         123873.781
54 72         163744.703
54 43          119726.66
54 45         137268.001
54 69         95536.2508
54 82         202806.928
54 65         93401.9982
54 76         272716.278
55 77         244713.298
55 49         244402.305
55 74         191549.818
55 22         243504.175
55 38         216394.097
55 33         188519.302
55 30         140227.455
55 32         106518.055
55 28          226846.81
55 31         173848.057
55 52         129591.183
55 37         181035.329
55 59         89272.5933
55 42         86957.5286
55 48         95651.3733
55 46         31703.7502
55 62         116415.998
55 25         176839.983
56 96         290180.957
56 24         283137.047
56 86         273030.819
56 88         264677.644
56 71          179273.47
56 41          269648.07
56 44         158802.421
56 52         215220.732
56 31             224772
56 73         111899.415
56 53         172457.107
56 64         120210.324
56 70         101270.552
56 47         70247.2004
56 66         51228.5694
56 49         96253.4157
56 68          183570.32
56 79         202218.472
57 101         337693.747
57 82         323528.789
57 44         247418.561
57 73         317882.551
57 85         265629.481
57 29         199033.139
57 78         164778.429
57 47         264061.494
57 56         306670.506
57 53         144718.858
57 83         160826.188
57 60         164169.302
57 41         151008.562
57 50         112367.509
57 68         160791.486
57 64         191644.172
57 84         253559.872
57 79         276965.264
58 82         348482.038
58 90         321603.779
58 45         304498.483
58 93         284384.507
58 67         217190.955
58 81         227975.593
58 43         263820.511
58 69         226183.638
58 40         177566.235
58 80         170930.227
58 87           205471.7
58 72         115850.011
58 35         82855.1815
58 20          221053.65
58 65         112893.678
58 61          75398.484
58 76         147764.455
58 54         167711.868
59 25         258752.046
59 66         250382.063
59 70         228512.701
59 92          230472.23
59 71         213655.829
59 86         223687.493
59 48          149298.59
59 49          198959.99
59 30         229331.573
59 77         168318.552
59 32         166294.344
59 42         176073.102
59 74         108892.794
59 55         89272.5933
59 46         120625.156
59 52          82020.278
59 62         80103.4799
59 31         190360.142
60 64         342938.378
60 101         340050.668
60 43         311861.428
60 54         337951.337
60 53         308380.862
60 41         297330.798
60 94         299751.687
60 69          278014.43
60 84         294711.031
60 29         263412.489
60 85         167459.951
60 50         178215.263
60 57         164169.302
60 68          292302.44
60 83         129638.862
60 45         223240.944
60 82          163226.38
60 78         215456.998
61 91         356595.896
61 97         339751.933
61 90         308826.833
61 43         336944.391
61 80         157581.481
61 87         177572.023
61 93          249335.08
61 40         252634.551
61 69         273810.131
61 67         141803.676
61 58          75398.484
61 72         122902.059
61 81          166598.73
61 20         218366.102
61 35         151546.711
61 76         85550.5842
61 65         158003.617
61 54         233227.116
62 49         276642.089
62 33         267479.079
62 38         262158.334
62 31         263953.458
62 71         262605.265
62 86         244026.666
62 42         192220.757
62 92         209648.866
62 30         234754.956
62 77         138909.377
62 48         114118.192
62 37         241511.676
62 74         102418.556
62 55         116415.998
62 59         80103.4799
62 46         137721.916
62 52         161976.084
62 32         219344.986
63 115         766892.146
63 118         743022.854
63 109         696358.106
63 67         723450.361
63 91          688633.37
63 105          580753.52
63 89         435247.948
63 11         669122.818
63 4         686034.772
63 39         245934.444
63 8          558058.53
63 19         498315.463
63 98         438462.859
63 51         414778.524
63 75         309062.093
63 117         595290.804
63 116         604415.617
63 113         617420.614
64 50          280826.14
64 83         274568.542
64 41         198856.102
64 71         257729.731
64 78         198370.838
64 70         193126.183
64 57         191644.172
64 49          216374.97
64 96         245270.781
64 73          136835.93
64 53         84675.6848
64 56         120210.324
64 79         152618.469
64 44         156656.851
64 66         158733.024
64 47         105182.525
64 68         70494.2291
64 84         235380.068
65 20          332648.37
65 67         281728.648
65 81         241775.658
65 90         244475.423
65 80         122252.355
65 40         181954.267
65 45         221397.897
65 82         238100.068
65 93          242637.88
65 58         112893.678
65 54         93401.9982
65 87         167343.426
65 72         70390.2129
65 43          212644.13
65 35         152190.414
65 69         116360.228
65 61         158003.617
65 76         182173.603
66 99         276654.299
66 74         268451.156
66 88         225993.105
66 59         250382.063
66 79         202016.085
66 53         220794.156
66 68         213378.482
66 47         120855.275
66 86         223559.141
66 73           96225.07
66 70         51627.1113
66 44         208145.279
66 64         158733.024
66 71         130114.447
66 56         51228.5694
66 49         70498.4619
66 52         178776.503
66 31         216003.502
67 89         383341.586
67 54         367658.873
67 90         335994.205
67 109         358529.261
67 80         219854.723
67 72         223048.702
67 35         289417.727
67 19         275605.671
67 97         283673.212
67 58         217190.955
67 87         208064.049
67 81         117033.515
67 20         273773.588
67 93         243324.959
67 61         141803.676
67 91         232976.696
67 76         105832.926
67 65         281728.648
68 101         268590.284
68 50         266407.059
68 103         252568.567
68 70         237027.182
68 96         204947.729
68 41         221735.472
68 44         217694.592
68 73         160643.183
68 66         213378.482
68 53         118429.136
68 47           175621.5
68 84         169700.547
68 78         128163.551
68 57         160791.486
68 56          183570.32
68 79         123108.605
68 64         70494.2291
68 83         209253.166
69 85         354397.373
69 81         328190.963
69 76         285135.553
69 93         285122.423
69 40         218743.131
69 61         273810.131
69 35         242792.758
69 87         229424.306
69 60          278014.43
69 72         166577.312
69 45         139014.557
69 58         226183.638
69 54         95536.2508
69 80         190104.357
69 82           122317.8
69 65         116360.228
69 43          178732.72
69 90         241476.171
70 96         263214.031
70 44         259500.262
70 68         237027.182
70 31         236258.144
70 99         232518.115
70 79          196856.22
70 88         180484.069
70 47         171501.157
70 59         228512.701
70 73         88919.2702
70 64         193126.183
70 86         172055.465
70 71         78497.4682
70 66         51627.1113
70 56         101270.552
70 49         92162.6311
70 52         168538.402
70 74         228428.634
71 96         256380.305
71 47         249486.097
71 102          253455.63
71 79         215928.514
71 77         207510.437
71 95         224985.409
71 66         130114.447
71 56          179273.47
71 59         213655.829
71 99          175059.02
71 70         78497.4682
71 86         93763.1361
71 52         180387.172
71 88         122685.446
71 74         177597.701
71 49          154217.45
71 73         128125.759
71 92         204037.956
72 97         296914.477
72 45         287640.508
72 43          283014.03
72 82         280286.869
72 67         223048.702
72 81         171763.817
72 40         242446.427
72 69         166577.312
72 90         206039.062
72 58         115850.011
72 80         60055.3902
72 87         102632.989
72 54         163744.703
72 35         185125.334
72 65         70390.2129
72 61         122902.059
72 76         118660.013
72 93         181540.585
73 52           257209.9
73 44         253933.634
73 102          237265.42
73 84         247250.334
73 99         209098.024
73 53         219631.129
73 88         166209.179
73 47         167638.594
73 96         184900.875
73 70         88919.2702
73 86         210372.451
73 64          136835.93
73 66           96225.07
73 71         128125.759
73 56         111899.415
73 49         164919.221
73 68         160643.183
73 79         108977.074
74 31         285819.674
74 42         277284.225
74 66         268451.156
74 32         274905.088
74 48         215878.615
74 70         228428.634
74 95         217210.796
74 49         242516.055
74 88         251637.051
74 77         62691.2508
74 71         177597.701
74 86         142612.297
74 55         191549.818
74 59         108892.794
74 92          121654.12
74 52         158630.735
74 62         102418.556
74 46         220405.857
75 91         972958.298
75 118         900401.678
75 109         958777.378
75 105          837112.79
75 98         675527.122
75 1         945350.041
75 11         933222.117
75 117         724924.751
75 113         833302.047
75 39         538848.754
75 19         806221.593
75 51         225864.843
75 89         710991.267
75 8         681282.051
75 63         309062.093
75 4         565409.578
75 26         580293.345
75 116         774102.876
76 19         373302.821
76 40         321106.647
76 20          292374.42
76 69         285135.553
76 58         147764.455
76 72         118660.013
76 90         249760.534
76 97         255080.878
76 91         281295.769
76 67         105832.926
76 80         116334.062
76 87         114918.388
76 81         81550.7453
76 35          230028.39
76 93         173773.528
76 61         85550.5842
76 65         182173.603
76 54         272716.278
77 100         332090.832
77 42         327623.877
77 66         315614.042
77 49         298152.748
77 46         271245.815
77 70         270830.058
77 55         244713.298
77 48         250671.006
77 99         279138.032
77 71         207510.437
77 86         143573.677
77 74         62691.2508
77 95          175062.94
77 59         168318.552
77 92         71006.2041
77 52         221117.346
77 62         138909.377
77 88         251991.872
78 107         299051.803
78 106          274411.28
78 41         293802.018
78 50         272925.575
78 85         188194.198
78 64         198370.838
78 53         222287.005
78 96         199626.418
78 73         260602.009
78 83         97531.8025
78 101         174162.926
78 84         90654.3451
78 60         215456.998
78 103         204723.369
78 57         164778.429
78 68         128163.551
78 79         171283.923
78 94         243122.802
79 47         234920.867
79 53         230630.855
79 101         219391.317
79 104         219651.908
79 88         188863.421
79 71         215928.514
79 70          196856.22
79 66         202016.085
79 56         202218.472
79 78         171283.923
79 73         108977.074
79 102         185129.173
79 99         208241.261
79 64         152618.469
79 103         162247.092
79 84         139718.864
79 96         93858.2129
79 68         123108.605
80 43         331407.144
80 45         323337.241
80 35         244348.804
80 40         300906.081
80 67         219854.723
80 81         138961.212
80 54         211912.174
80 97         239375.955
80 82         288551.049
80 58         170930.227
80 87         45152.1957
80 72         60055.3902
80 90         153028.468
80 93         121986.721
80 76         116334.062
80 61         157581.481
80 65         122252.355
80 69         190104.357
81 19         389430.667
81 20         362547.618
81 35         310685.872
81 54         335127.158
81 58         227975.593
81 72         171763.817
81 65         241775.658
81 91           208928.8
81 69         328190.963
81 67         117033.515
81 80         138961.212
81 87         109048.953
81 90          223348.36
81 93         126808.632
81 97         179548.564
81 61          166598.73
81 76         81550.7453
81 109         325585.021
82 93         354339.426
82 94         353848.733
82 80         288551.049
82 58         348482.038
82 40          313731.37
82 85          236255.88
82 90         279002.267
82 87         319198.041
82 57         323528.789
82 72         280286.869
82 45         146839.447
82 60          163226.38
82 54         202806.928
82 69           122317.8
82 83         268390.623
82 65         238100.068
82 43          230769.63
82 50         302018.285
83 29         337851.894
83 41         311033.306
83 96          288620.02
83 64         274568.542
83 53          272839.03
83 103         276173.855
83 106         279559.773
83 94         211890.305
83 82         268390.623
83 84         166301.595
83 78         97531.8025
83 50         243113.567
83 57         160826.188
83 79         268798.288
83 60         129638.862
83 85         110592.944
83 68         209253.166
83 101         213597.593
84 60         294711.031
84 53         284042.692
84 64         235380.068
84 57         253559.872
84 94         219351.263
84 107         209263.706
84 106         214797.594
84 102         227800.182
84 73         247250.334
84 78         90654.3451
84 85         218767.404
84 83         166301.595
84 79         139718.864
84 103         114533.181
84 101         98909.3773
84 96          125204.78
84 104         226320.954
84 68         169700.547
85 64         380874.917
85 45         358030.133
85 107         354694.757
85 69         354397.373
85 57         265629.481
85 50         329220.451
85 79         348525.494
85 60         167459.951
85 68         312845.787
85 84         218767.404
85 78         188194.198
85 83         110592.944
85 103         304331.514
85 96         341839.783
85 106         229543.979
85 94         133178.257
85 101         215222.481
85 82          236255.88
86 79         275148.394
86 56         273030.819
86 102         245585.754
86 62         244026.666
86 100         222594.063
86 74         142612.297
86 66         223559.141
86 59         223687.493
86 49         238247.806
86 99         146365.198
86 70         172055.465
86 92         117411.256
86 95         134110.626
86 71         93763.1361
